-0.561637,-0.253991,0.819873,-0.25971,0.572855
-0.533829,0.654406,0.931391,-0.344783,0.410525
0.114898,-0.367054,0.27816,-0.553507,0.0245071
0.707431,-0.0112928,-0.472734,-0.793755,0.261714
0.0364817,0.553587,-0.268991,-0.0209633,-0.572661
-0.0741651,-0.329272,0.659618,0.171692,-0.30354
0.535172,1.19705,0.543737,0.646956,0.277101
1.0377,0.96999,0.0556309,-0.793415,-0.560348
0.0614614,0.491456,0.399289,-0.526572,-0.469879
-0.129515,-0.21533,0.491429,0.713054,-0.180044
0.612165,-0.365329,-0.134128,-0.657588,0.628338
0.331338,0.513023,0.15748,0.0360183,0.266197
0.600015,-0.578222,0.446647,0.312744,-0.308215
0.181697,0.473083,-0.237502,-0.224479,0.717235
0.588548,-0.238637,0.628652,-0.0556734,0.189249
-0.750123,-0.497043
0.915349,-0.678874
-0.654927,0.146259
-0.505615,0.112282
0.868924,-0.297115
0.610024,0.421366